Joint Positions: [4.716020107269287, -1.9794524351703089, -1.4144967238055628, -0.7601740995990198, 1.6015976667404175, 2.658304214477539]

Joint Positions: [4.717864990234375, -2.052039448414938, -1.3670948187457483, -0.6470835844623011, 1.4089767932891846, 2.6591193675994873]

Joint Positions: [4.575918197631836, -2.030943218861715, -1.3388364950763147, -0.7737987677203577, 1.687163233757019, 2.6581838130950928]

Joint Positions: [4.54701042175293, -2.02822715440859, -1.3239710966693323, -0.8639825026141565, 1.8281235694885254, 2.6575844287872314]

Joint Positions: [4.438780307769775, -2.032534424458639, -1.3088544050799769, -0.9710682074176233, 1.9166232347488403, 2.6591074466705322]

Joint Positions: [4.5246076583862305, -2.0591586271869105, -1.2587617079364222, -0.9752500692950647, 1.6731483936309814, 2.658064126968384]

Joint Positions: [4.461339473724365, -2.0763772169696253, -1.2277033964740198, -1.0200141111956995, 1.6759755611419678, 2.6587955951690674]

Joint Positions: [4.326458930969238, -2.099135700856344, -1.2183492819415491, -1.1255210081683558, 2.042807102203369, 2.6583399772644043]

